94, 85, 20
106, 103, 20
109, 110, 20
102, 83, 20
119, 102, 20
96, 114, 20
98, 101, 20
91, 102, 20
98, 90, 20
117, 108, 20
112, 96, 20
84, 85, 20
80, 109, 20
106, 104, 20
125, 100, 20
97, 101, 20
88, 117, 20
98, 120, 20
94, 77, 20
111, 96, 20
86, 93, 20
85, 102, 20
80, 90, 20
99, 108, 20
83, 86, 20
78, 96, 20
91, 95, 20
108, 91, 20
118, 105, 20
79, 106, 20
79, 95, 20
105, 90, 20
100, 89, 20
88, 89, 20
95, 77, 20
82, 86, 20
108, 92, 20
111, 107, 20
118, 95, 20
91, 86, 20
118, 106, 20
103, 77, 20
85, 105, 20
85, 94, 20
85, 83, 20
104, 90, 20
105, 120, 20
99, 89, 20
100, 108, 20
93, 92, 20
112, 99, 20
84, 99, 20
87, 117, 20
108, 111, 20
101, 95, 20
103, 96, 20
103, 107, 20
115, 90, 20
87, 90, 20
104, 120, 20
88, 109, 20
116, 111, 20
108, 84, 20
118, 98, 20
106, 98, 20
90, 87, 20
98, 96, 20
91, 97, 20
101, 114, 20
117, 92, 20
112, 80, 20
113, 115, 20
95, 107, 20
89, 87, 20
115, 82, 20
92, 94, 20
87, 82, 20
116, 92, 20
95, 91, 20
90, 79, 20
119, 100, 20
89, 88, 20
96, 90, 20
114, 88, 20
89, 117, 20
92, 113, 20
85, 97, 20
86, 116, 20
105, 112, 20
100, 100, 20
94, 91, 20
112, 102, 20
113, 87, 20
120, 86, 20
107, 90, 20
102, 89, 20
89, 118, 20
96, 120, 20
97, 77, 20
91, 119, 20
124, 93, 20
97, 107, 20
78, 99, 20
106, 101, 20
106, 90, 20
101, 89, 20
104, 96, 20
105, 104, 20
110, 117, 20
115, 112, 20
81, 87, 20
84, 83, 20
82, 111, 20
105, 77, 20
92, 86, 20
97, 99, 20
113, 80, 20
93, 106, 20
111, 94, 20
107, 112, 20
84, 113, 20
109, 78, 20
119, 103, 20
104, 77, 20
114, 80, 20
101, 120, 20
86, 91, 20
112, 86, 20
92, 105, 20
122, 89, 20
99, 95, 20
106, 83, 20
100, 114, 20
95, 113, 20
92, 78, 20
121, 88, 20
91, 111, 20
111, 86, 20
112, 105, 20
124, 96, 20
80, 107, 20
119, 84, 20
106, 102, 20
99, 114, 20
94, 113, 20
78, 102, 20
81, 110, 20
100, 95, 20
110, 109, 20
93, 119, 20
118, 84, 20
91, 103, 20
103, 83, 20
96, 77, 20
93, 120, 20
112, 116, 20
81, 109, 20
79, 104, 20
79, 93, 20
103, 113, 20
92, 119, 20
107, 77, 20
87, 107, 20
113, 102, 20
118, 104, 20
111, 116, 20
85, 103, 20
103, 114, 20
97, 83, 20
88, 88, 20
114, 113, 20
98, 102, 20
80, 91, 20
117, 109, 20
112, 97, 20
106, 77, 20
84, 97, 20
102, 114, 20
82, 87, 20
94, 78, 20
111, 108, 20
118, 107, 20
109, 92, 20
103, 95, 20
103, 106, 20
96, 107, 20
116, 82, 20
110, 85, 20
86, 105, 20
112, 100, 20
85, 114, 20
99, 120, 20
91, 79, 20
78, 97, 20
107, 118, 20
92, 103, 20
102, 95, 20
79, 107, 20
87, 91, 20
116, 112, 20
100, 101, 20
123, 91, 20
119, 98, 20
91, 98, 20
117, 93, 20
103, 89, 20
117, 82, 20
98, 77, 20
85, 95, 20
104, 113, 20
100, 120, 20
125, 96, 20
84, 100, 20
114, 89, 20
105, 83, 20
101, 107, 20
115, 113, 20
89, 80, 20
106, 99, 20
104, 83, 20
105, 113, 20
98, 97, 20
93, 85, 20
112, 103, 20
107, 91, 20
106, 100, 20
79, 91, 20
114, 81, 20
89, 110, 20
90, 118, 20
92, 95, 20
110, 79, 20
97, 97, 20
97, 108, 20
123, 92, 20
90, 80, 20
125, 98, 20
119, 101, 20
91, 101, 20
91, 112, 20
84, 84, 20
80, 108, 20
125, 99, 20
94, 92, 20
113, 88, 20
120, 87, 20
90, 110, 20
109, 117, 20
97, 100, 20
95, 84, 20
124, 94, 20
96, 83, 20
83, 112, 20
78, 100, 20
101, 101, 20
122, 90, 20
85, 101, 20
102, 120, 20
104, 97, 20
80, 89, 20
99, 96, 20
83, 85, 20
94, 84, 20
81, 88, 20
82, 112, 20
79, 94, 20
108, 118, 20
100, 77, 20
111, 95, 20
111, 106, 20
118, 94, 20
118, 83, 20
78, 103, 20
84, 114, 20
119, 104, 20
85, 82, 20
104, 89, 20
114, 114, 20
105, 97, 20
99, 77, 20
86, 92, 20
112, 98, 20
112, 87, 20
87, 116, 20
113, 100, 20
108, 110, 20
94, 106, 20
101, 83, 20
95, 114, 20
115, 89, 20
92, 79, 20
109, 109, 20
88, 108, 20
116, 110, 20
112, 106, 20
90, 86, 20
119, 85, 20
79, 105, 20
91, 96, 20
112, 79, 20
85, 93, 20
110, 93, 20
87, 108, 20
105, 119, 20
81, 111, 20
111, 117, 20
118, 96, 20
116, 91, 20
117, 110, 20
110, 94, 20
111, 79, 20
88, 80, 20
98, 83, 20
93, 93, 20
84, 98, 20
118, 97, 20
78, 95, 20
109, 93, 20
86, 115, 20
88, 110, 20
113, 114, 20
102, 77, 20
110, 86, 20
115, 81, 20
85, 104, 20
85, 115, 20
87, 81, 20
98, 114, 20
123, 90, 20
93, 113, 20
78, 98, 20
107, 119, 20
109, 85, 20
101, 77, 20
119, 99, 20
117, 83, 20
92, 112, 20
97, 114, 20
118, 108, 20
95, 120, 20
120, 85, 20
106, 119, 20
85, 96, 20
88, 81, 20
93, 105, 20
86, 106, 20
84, 101, 20
101, 108, 20
94, 120, 20
92, 104, 20
92, 93, 20
102, 107, 20
122, 88, 20
86, 107, 20
99, 83, 20
100, 102, 20
108, 77, 20
121, 87, 20
91, 99, 20
117, 94, 20
110, 78, 20
105, 105, 20
98, 89, 20
99, 102, 20
106, 112, 20
96, 84, 20
125, 97, 20
78, 101, 20
107, 111, 20
91, 100, 20
92, 85, 20
105, 106, 20
97, 98, 20
100, 83, 20
93, 78, 20
110, 108, 20
103, 120, 20
81, 89, 20
98, 108, 20
107, 84, 20
90, 111, 20
109, 118, 20
104, 106, 20
97, 90, 20
112, 104, 20
112, 115, 20
106, 84, 20
79, 103, 20
79, 92, 20
105, 98, 20
101, 100, 20
86, 82, 20
124, 95, 20
97, 120, 20
113, 101, 20
83, 113, 20
108, 78, 20
