135, 65, 532
135, 65, 425
135, 65, 489
135, 65, 434
135, 65, 553
135, 65, 498
135, 65, 443
135, 65, 562
135, 65, 507
135, 65, 452
135, 65, 571
135, 65, 516
135, 65, 461
135, 65, 525
135, 65, 482
135, 65, 427
135, 65, 491
135, 65, 436
135, 65, 555
135, 65, 500
135, 65, 445
135, 65, 564
135, 65, 509
135, 65, 454
135, 65, 573
135, 65, 518
135, 65, 484
135, 65, 429
135, 65, 548
135, 65, 493
135, 65, 438
135, 65, 557
135, 65, 502
135, 65, 447
135, 65, 566
135, 65, 511
135, 65, 456
135, 65, 575
135, 65, 520
135, 65, 477
135, 65, 541
135, 65, 486
135, 65, 431
135, 65, 550
135, 65, 495
135, 65, 440
135, 65, 559
135, 65, 504
135, 65, 449
135, 65, 568
135, 65, 513
135, 65, 470
135, 65, 534
135, 65, 479
135, 65, 543
135, 65, 488
135, 65, 433
135, 65, 552
135, 65, 497
135, 65, 442
135, 65, 561
135, 65, 506
135, 65, 570
135, 65, 463
135, 65, 527
135, 65, 472
135, 65, 536
135, 65, 481
135, 65, 426
135, 65, 545
135, 65, 490
135, 65, 435
135, 65, 554
135, 65, 499
135, 65, 563
135, 65, 465
135, 65, 529
135, 65, 474
135, 65, 538
135, 65, 483
135, 65, 428
135, 65, 547
135, 65, 492
135, 65, 556
135, 65, 501
135, 65, 565
135, 65, 458
135, 65, 522
135, 65, 467
135, 65, 531
135, 65, 476
135, 65, 540
135, 65, 485
135, 65, 430
135, 65, 549
135, 65, 494
135, 65, 558
135, 65, 451
135, 65, 515
135, 65, 460
135, 65, 524
135, 65, 469
135, 65, 533
135, 65, 478
135, 65, 542
135, 65, 487
135, 65, 551
135, 65, 444
135, 65, 508
135, 65, 453
135, 65, 572
135, 65, 517
135, 65, 462
135, 65, 526
135, 65, 471
135, 65, 535
135, 65, 480
135, 65, 544
135, 65, 437
135, 65, 446
135, 65, 510
135, 65, 455
135, 65, 574
135, 65, 519
135, 65, 464
135, 65, 528
135, 65, 473
135, 65, 537
135, 65, 546
135, 65, 439
135, 65, 503
135, 65, 448
135, 65, 567
135, 65, 512
135, 65, 457
135, 65, 521
135, 65, 466
135, 65, 530
135, 65, 475
135, 65, 539
135, 65, 432
135, 65, 496
135, 65, 441
135, 65, 560
135, 65, 505
135, 65, 450
135, 65, 569
135, 65, 514
135, 65, 459
135, 65, 523
135, 65, 468
