65, 135, 445
65, 135, 454
65, 135, 518
65, 135, 463
65, 135, 527
65, 135, 472
65, 135, 536
65, 135, 481
65, 135, 545
65, 135, 554
65, 135, 447
65, 135, 511
65, 135, 456
65, 135, 575
65, 135, 520
65, 135, 465
65, 135, 529
65, 135, 474
65, 135, 538
65, 135, 483
65, 135, 547
65, 135, 440
65, 135, 504
65, 135, 449
65, 135, 568
65, 135, 513
65, 135, 458
65, 135, 522
65, 135, 467
65, 135, 531
65, 135, 476
65, 135, 540
65, 135, 433
65, 135, 497
65, 135, 442
65, 135, 561
65, 135, 506
65, 135, 451
65, 135, 570
65, 135, 515
65, 135, 460
65, 135, 524
65, 135, 469
65, 135, 533
65, 135, 426
65, 135, 490
65, 135, 435
65, 135, 499
65, 135, 444
65, 135, 563
65, 135, 508
65, 135, 453
65, 135, 572
65, 135, 517
65, 135, 462
65, 135, 526
65, 135, 428
65, 135, 492
65, 135, 437
65, 135, 556
65, 135, 501
65, 135, 446
65, 135, 565
65, 135, 510
65, 135, 455
65, 135, 574
65, 135, 519
65, 135, 464
65, 135, 528
65, 135, 485
65, 135, 430
65, 135, 549
65, 135, 494
65, 135, 439
65, 135, 558
65, 135, 503
65, 135, 448
65, 135, 567
65, 135, 512
65, 135, 457
65, 135, 521
65, 135, 478
65, 135, 542
65, 135, 487
65, 135, 432
65, 135, 551
65, 135, 496
65, 135, 441
65, 135, 560
65, 135, 505
65, 135, 450
65, 135, 569
65, 135, 514
65, 135, 471
65, 135, 535
65, 135, 480
65, 135, 425
65, 135, 544
65, 135, 489
65, 135, 434
65, 135, 553
65, 135, 498
65, 135, 443
65, 135, 562
65, 135, 507
65, 135, 571
65, 135, 473
65, 135, 537
65, 135, 482
65, 135, 427
65, 135, 546
65, 135, 491
65, 135, 436
65, 135, 555
65, 135, 500
65, 135, 564
65, 135, 509
65, 135, 573
65, 135, 466
65, 135, 530
65, 135, 475
65, 135, 539
65, 135, 484
65, 135, 429
65, 135, 548
65, 135, 493
65, 135, 438
65, 135, 557
65, 135, 502
65, 135, 566
65, 135, 459
65, 135, 523
65, 135, 468
65, 135, 532
65, 135, 477
65, 135, 541
65, 135, 486
65, 135, 431
65, 135, 550
65, 135, 495
65, 135, 559
65, 135, 452
65, 135, 516
65, 135, 461
65, 135, 525
65, 135, 470
65, 135, 534
65, 135, 479
65, 135, 543
65, 135, 488
65, 135, 552
