112, 122, 284
112, 122, 348
112, 122, 293
112, 122, 302
112, 122, 311
112, 122, 268
112, 122, 277
112, 122, 341
112, 122, 286
112, 122, 350
112, 122, 295
112, 122, 304
112, 122, 270
112, 122, 334
112, 122, 279
112, 122, 343
112, 122, 288
112, 122, 297
112, 122, 306
112, 122, 263
112, 122, 327
112, 122, 272
112, 122, 336
112, 122, 281
112, 122, 345
112, 122, 290
112, 122, 299
112, 122, 256
112, 122, 320
112, 122, 265
112, 122, 329
112, 122, 274
112, 122, 338
112, 122, 283
112, 122, 347
112, 122, 292
112, 122, 313
112, 122, 258
112, 122, 322
112, 122, 267
112, 122, 331
112, 122, 276
112, 122, 340
112, 122, 285
112, 122, 349
112, 122, 251
112, 122, 315
112, 122, 260
112, 122, 324
112, 122, 269
112, 122, 333
112, 122, 278
112, 122, 342
112, 122, 287
112, 122, 308
112, 122, 253
112, 122, 317
112, 122, 262
112, 122, 326
112, 122, 271
112, 122, 335
112, 122, 280
112, 122, 344
112, 122, 301
112, 122, 310
112, 122, 255
112, 122, 319
112, 122, 264
112, 122, 328
112, 122, 273
112, 122, 337
112, 122, 294
112, 122, 303
112, 122, 312
112, 122, 257
112, 122, 321
112, 122, 266
112, 122, 330
112, 122, 296
112, 122, 305
112, 122, 250
112, 122, 314
112, 122, 259
112, 122, 323
112, 122, 332
112, 122, 289
112, 122, 298
112, 122, 307
112, 122, 252
112, 122, 316
112, 122, 261
112, 122, 325
112, 122, 282
112, 122, 346
112, 122, 291
112, 122, 300
112, 122, 309
112, 122, 254
112, 122, 318
112, 122, 275
112, 122, 339
