78, 88, 312
78, 88, 257
78, 88, 321
78, 88, 266
78, 88, 330
78, 88, 275
78, 88, 339
78, 88, 296
78, 88, 305
78, 88, 250
78, 88, 314
78, 88, 259
78, 88, 323
78, 88, 268
78, 88, 332
78, 88, 289
78, 88, 298
78, 88, 307
78, 88, 252
78, 88, 316
78, 88, 261
78, 88, 325
78, 88, 282
78, 88, 291
78, 88, 300
78, 88, 309
78, 88, 254
78, 88, 318
78, 88, 284
78, 88, 348
78, 88, 293
78, 88, 302
78, 88, 311
78, 88, 256
78, 88, 320
78, 88, 277
78, 88, 341
78, 88, 286
78, 88, 350
78, 88, 295
78, 88, 304
78, 88, 313
78, 88, 270
78, 88, 334
78, 88, 279
78, 88, 343
78, 88, 288
78, 88, 297
78, 88, 306
78, 88, 263
78, 88, 327
78, 88, 272
78, 88, 336
78, 88, 281
78, 88, 345
78, 88, 290
78, 88, 299
78, 88, 265
78, 88, 329
78, 88, 274
78, 88, 338
78, 88, 283
78, 88, 347
78, 88, 292
78, 88, 301
78, 88, 258
78, 88, 322
78, 88, 267
78, 88, 331
78, 88, 276
78, 88, 340
78, 88, 285
78, 88, 349
78, 88, 294
78, 88, 251
78, 88, 315
78, 88, 260
78, 88, 324
78, 88, 269
78, 88, 333
78, 88, 278
78, 88, 342
78, 88, 287
78, 88, 308
78, 88, 253
78, 88, 317
78, 88, 262
78, 88, 326
78, 88, 271
78, 88, 335
78, 88, 280
78, 88, 344
78, 88, 310
78, 88, 255
78, 88, 319
78, 88, 264
78, 88, 328
78, 88, 273
78, 88, 337
78, 88, 346
78, 88, 303
