87, 78, 324
87, 78, 269
87, 78, 333
87, 78, 278
87, 78, 342
87, 78, 287
87, 78, 296
87, 78, 253
87, 78, 317
87, 78, 262
87, 78, 326
87, 78, 271
87, 78, 335
87, 78, 280
87, 78, 344
87, 78, 289
87, 78, 255
87, 78, 319
87, 78, 264
87, 78, 328
87, 78, 273
87, 78, 337
87, 78, 282
87, 78, 346
87, 78, 312
87, 78, 257
87, 78, 321
87, 78, 266
87, 78, 330
87, 78, 275
87, 78, 339
87, 78, 284
87, 78, 348
87, 78, 305
87, 78, 250
87, 78, 314
87, 78, 259
87, 78, 323
87, 78, 268
87, 78, 332
87, 78, 277
87, 78, 341
87, 78, 298
87, 78, 307
87, 78, 252
87, 78, 316
87, 78, 261
87, 78, 325
87, 78, 270
87, 78, 334
87, 78, 291
87, 78, 300
87, 78, 309
87, 78, 254
87, 78, 318
87, 78, 263
87, 78, 327
87, 78, 293
87, 78, 302
87, 78, 311
87, 78, 256
87, 78, 320
87, 78, 265
87, 78, 329
87, 78, 286
87, 78, 350
87, 78, 295
87, 78, 304
87, 78, 313
87, 78, 258
87, 78, 322
87, 78, 279
87, 78, 343
87, 78, 288
87, 78, 297
87, 78, 306
87, 78, 251
87, 78, 315
87, 78, 272
87, 78, 336
87, 78, 281
87, 78, 345
87, 78, 290
87, 78, 299
87, 78, 308
87, 78, 274
87, 78, 338
87, 78, 283
87, 78, 347
87, 78, 292
87, 78, 301
87, 78, 310
87, 78, 267
87, 78, 331
87, 78, 276
87, 78, 340
87, 78, 285
87, 78, 349
87, 78, 294
87, 78, 303
87, 78, 260
