88, 122, 314
88, 122, 280
88, 122, 344
88, 122, 289
88, 122, 298
88, 122, 307
88, 122, 316
88, 122, 273
88, 122, 337
88, 122, 282
88, 122, 346
88, 122, 291
88, 122, 300
88, 122, 309
88, 122, 266
88, 122, 330
88, 122, 275
88, 122, 339
88, 122, 284
88, 122, 348
88, 122, 293
88, 122, 302
88, 122, 259
88, 122, 323
88, 122, 268
88, 122, 332
88, 122, 277
88, 122, 341
88, 122, 286
88, 122, 350
88, 122, 295
88, 122, 252
88, 122, 261
88, 122, 325
88, 122, 270
88, 122, 334
88, 122, 279
88, 122, 343
88, 122, 288
88, 122, 254
88, 122, 318
88, 122, 263
88, 122, 327
88, 122, 272
88, 122, 336
88, 122, 281
88, 122, 345
88, 122, 290
88, 122, 311
88, 122, 256
88, 122, 320
88, 122, 265
88, 122, 329
88, 122, 274
88, 122, 338
88, 122, 283
88, 122, 347
88, 122, 304
88, 122, 313
88, 122, 258
88, 122, 322
88, 122, 267
88, 122, 331
88, 122, 276
88, 122, 340
88, 122, 297
88, 122, 306
88, 122, 251
88, 122, 315
88, 122, 260
88, 122, 324
88, 122, 269
88, 122, 333
88, 122, 299
88, 122, 308
88, 122, 253
88, 122, 317
88, 122, 262
88, 122, 326
88, 122, 271
88, 122, 335
88, 122, 292
88, 122, 301
88, 122, 310
88, 122, 255
88, 122, 319
88, 122, 264
88, 122, 328
88, 122, 285
88, 122, 349
88, 122, 294
88, 122, 303
88, 122, 312
88, 122, 257
88, 122, 321
88, 122, 278
88, 122, 342
88, 122, 287
88, 122, 296
88, 122, 305
88, 122, 250
