122, 87, 263
122, 87, 327
122, 87, 272
122, 87, 336
122, 87, 281
122, 87, 345
122, 87, 290
122, 87, 299
122, 87, 265
122, 87, 329
122, 87, 274
122, 87, 338
122, 87, 283
122, 87, 347
122, 87, 292
122, 87, 301
122, 87, 258
122, 87, 322
122, 87, 267
122, 87, 331
122, 87, 276
122, 87, 340
122, 87, 285
122, 87, 349
122, 87, 294
122, 87, 251
122, 87, 315
122, 87, 260
122, 87, 324
122, 87, 269
122, 87, 333
122, 87, 278
122, 87, 342
122, 87, 287
122, 87, 308
122, 87, 253
122, 87, 317
122, 87, 262
122, 87, 326
122, 87, 271
122, 87, 335
122, 87, 280
122, 87, 344
122, 87, 310
122, 87, 255
122, 87, 319
122, 87, 264
122, 87, 328
122, 87, 273
122, 87, 337
122, 87, 346
122, 87, 303
122, 87, 312
122, 87, 257
122, 87, 321
122, 87, 266
122, 87, 330
122, 87, 275
122, 87, 339
122, 87, 296
122, 87, 305
122, 87, 250
122, 87, 314
122, 87, 259
122, 87, 323
122, 87, 268
122, 87, 332
122, 87, 289
122, 87, 298
122, 87, 307
122, 87, 252
122, 87, 316
122, 87, 261
122, 87, 325
122, 87, 282
122, 87, 291
122, 87, 300
122, 87, 309
122, 87, 254
122, 87, 318
122, 87, 284
122, 87, 348
122, 87, 293
122, 87, 302
122, 87, 311
122, 87, 256
122, 87, 320
122, 87, 277
122, 87, 341
122, 87, 286
122, 87, 350
122, 87, 295
122, 87, 304
122, 87, 313
122, 87, 270
122, 87, 334
122, 87, 279
122, 87, 343
122, 87, 288
122, 87, 297
122, 87, 306
